7
2   12.230     6.810     4.955
-50.0    1600.0
15.0    15.0
15  12.132     6.738     4.9285
-50.0 70.0 150.0 230.0 310.0 390.0 470.0 550.0 630.0 710.0 790.0 870.0 950.0 1010.0 1600.0
134.4083 132.1577 118.6848 97.1957 72.8043 51.3152 37.8423 35.5917 45.0991 64.1020 88.0780 111.3216 128.3013 134.4083 134.4083
2  10.6302    5.7606    4.2247
-50.0    1600.0
250.0    200.0 
6  9.7529    5.2669    3.9752
-50.000  300.0  450.0  650.0  800.0  1600.0
324.4561 324.4561  382.9443 382.9443   354.4561 354.4561 
9  8.9374    4.8418    3.5839
-50.000   315.0     355.0     395.0     435.0     475.0     515.0     555.0     1600.0
542.1588  542.1588  537.9845  529.9781  519.9738  510.2634  503.0715  500.0456  500.0456  
6  8.2068    4.5417    3.4355
-480.000  420.0  520.0  769.0  770.0  1600.0 
 690.0    691.0  700.0  715.0  694.0  685.7
2  6.4111    3.6209    2.7949
-50.0    1600.0
753.8971 753.8971

Model: z711_7dis5


